%YAML:1.0

ARCodeTheMarkerSize: 0.04
ARCodeTheMarkersNbrMax: 4
NISkeletonJointNbrMax_: 15
coshellName_: "localhost"
maxUserDetected_: 9


#used in face detect

#faceCascadeName_: "haarcascade_frontalface_alt.xml"
faceCascadeName_: "lbpcascade_frontalface.xml"
scaleFactorFace_: 1.2        
minNeighborsFace_: 4
flagsFace_: 0
minSizeXFace_: 60
minSizeYFace_: 60
maxSizeXFace_: 200
maxSizeYFace_: 200

#faceCascadeName_: "haarcascade_fullbody.xml"
eyesCascadeName_: "haarcascade_eye_tree_eyeglasses.xml"
mouthsCascadeName_: "haarcascade_mcs_mouth.xml"
headMotionGain_ : 0.218

xCenterMotionDeadZonePix_: 5
yCenterMotionDeadZonePix_: 5
#end used in face detect

#used in NISkeleton to detect new users

NISkeletonFaceCascadeName_: "lbpcascade_frontalface.xml"
NISkeletonScaleFactorFace_: 1.2
NISkeletonMinNeighborsFace_: 4
NISkeletonFlagsFace_: 0
NISkeletonMinSizeXFace_: 60
NISkeletonMinSizeYFace_: 60
NISkeletonMaxSizeXFace_: 200
NISkeletonMaxSizeYFace_: 200

maxSizeDeque_: 5

#faceCascadeName_: "haarcascade_fullbody.xml"
NISkeletonheadMotionGain_ : 0.218
NISkeletonxCenterMotionDeadZonePix_: 5
NISkeletonyCenterMotionDeadZonePix_: 5

#end used in NISkeleton to detect new users
#coshellName: "hrp2010c"

cameraMatrixLeft: !!opencv-matrix
   rows: 3
   cols: 3
   dt: f
   data: [1.1141522879499871e+03, 0, 3.5286388948999911e+02,
        0, 1.1141522879499871e+03, 2.7707572444894521e+02,
        0, 0, 1]

distorsionMatrixLeft: !!opencv-matrix
   rows: 1
   cols: 5
   dt: f
   data: [-1.6236615426008347e-01, -2.3705175827538394e+00,
        0, 0,2.3481401153742670e+01]

cameraMatrixRight: !!opencv-matrix
   rows: 3
   cols: 3
   dt: f
   data: [1.1141522879499871e+03, 0, 3.5046738267922490e+02,
        0, 1.1141522879499871e+03, 2.3362431269023776e+02,
        0, 0, 1]

distorsionMatrixRight: !!opencv-matrix
   rows: 1
   cols: 5
   dt: f
   data: [-2.1861693959281803e-01, -4.4139538095830311e-01,
        0, 0, 3.8854928299841935e+00]

cameraMatrixXtionRGB: !!opencv-matrix
  rows: 3
  cols: 3
  dt: f
  data: [538.047049, 0, 319.509874, 0, 538.226039, 239.332725, 0, 0, 1]

distortionMatrixXtionRGB: !!opencv-matrix
  rows: 1
  cols: 5
  dt: f
  data: [0.031828, -0.106567, -0.001167, 0.002602, 0]

headToCamMatrixLeft: !!opencv-matrix
   rows: 4
   cols: 4
   dt: f
   data: [-0.058873545, -0.14930718, 0.98703659, 
        0.051467504, -0.99818087, -0.0040649269,
        -0.06015316, 0.067616515, 0.012993529,
        -0.98878253, -0.14879625, 0.069293365, 
        0, 0, 0, 1]

headToCamMatrixRight: !!opencv-matrix
   rows: 4
   cols: 4
   dt: f
   data: [0.042832047, -0.21193734, 0.97634417,
         0.05735882, -0.99898893, 0.0042725229,
         0.044752914, -0.07566727, -0.013656266,
         -0.97727394, -0.21154006, 0.073909193,
         0, 0, 0, 1]

headToCamMatrixXtionRGB: !!opencv-matrix
   rows: 4
   cols: 4
   dt: f
   data: [ -2.44122110e-02, -1.89231351e-01, 9.81629014e-01,
       8.69229361e-02, -9.99699354e-01, 2.36575282e-03, -2.44055502e-02,
       1.49334883e-02, 2.29600375e-03, -9.81929660e-01, -1.89232215e-01,
       1.08828329e-01, 0., 0., 0., 1. ]

pose_pan_tilt_measure_left: !!opencv-matrix
   rows: 2
   cols: 50
   dt: f
   data: [ 6.49999976e-01, 6.49999976e-01, 2.50000000e-01,
       2.50000000e-01, 4.00000006e-01, 6.00000024e-01, 6.00000024e-01,
       4.00000006e-01, 2.00000003e-01, 2.00000003e-01, 4.00000006e-01,
       4.00000006e-01, 6.00000024e-01, 8.00000012e-01, 8.00000012e-01,
       7.50000000e-01, 8.00000012e-01, 6.00000024e-01, 4.00000006e-01,
       4.00000006e-01, 4.00000006e-01, 4.00000006e-01, 5.50000012e-01,
       7.50000000e-01, 7.50000000e-01, 6.00000024e-01, 5.50000012e-01,
       4.00000006e-01, 2.50000000e-01, 2.50000000e-01, 3.49999994e-01,
       3.49999994e-01, 1.50000006e-01, 1.38777878e-17, 1.38777878e-17,
       1.38777878e-17, 1.38777878e-17, 1.50000006e-01, 3.49999994e-01,
       3.49999994e-01, 4.00000006e-01, 4.00000006e-01, 1.50000006e-01,
       -5.00000007e-02, -5.00000007e-02, 2.00000003e-01, 2.00000003e-01,
       4.00000006e-01, 6.00000024e-01, 6.00000024e-01, 7.50000000e-01,
       5.50000012e-01, 6.00000024e-01, 7.50000000e-01, 6.99999988e-01,
       7.50000000e-01, 5.00000000e-01, 6.49999976e-01, 7.50000000e-01,
       5.50000012e-01, 6.99999988e-01, 4.49999988e-01, 5.50000012e-01,
       6.49999976e-01, 4.49999988e-01, 5.00000000e-01, 3.00000012e-01,
       4.00000006e-01, 5.50000012e-01, 3.00000012e-01, 3.49999994e-01,
       1.50000006e-01, 2.50000000e-01, 3.49999994e-01, 1.50000006e-01,
       1.50000006e-01, 3.49999994e-01, 2.50000000e-01, 3.49999994e-01,
       2.00000003e-01, 2.00000003e-01, 4.00000006e-01, 3.00000012e-01,
       2.50000000e-01, 4.00000006e-01, 4.49999988e-01, 6.49999976e-01,
       5.00000000e-01, 6.00000024e-01, 4.00000006e-01, 5.50000012e-01,
       8.00000012e-01, 6.99999988e-01, 8.00000012e-01, 6.00000024e-01,
       6.00000024e-01, 4.00000006e-01, 5.00000000e-01, 3.49999994e-01,
       5.50000012e-01 ]

pose_in_cam_measure_left: !!opencv-matrix
   rows: 4
   cols: 50
   dt: f
   data: [ 6.93683103e-02, 6.73482791e-02, -8.94078985e-02,
       -8.81700739e-02, -2.98461355e-02, 7.56551996e-02, 7.26889297e-02,
       -1.47755165e-02, -1.00308351e-01, -1.01619057e-01,
       -1.11876868e-01, -1.11686297e-01, -1.31952036e-02, 8.11826661e-02,
       7.89650008e-02, 6.95083514e-02, 8.53780136e-02, -7.12537952e-03,
       -1.05043814e-01, -1.05179004e-01, -9.87792835e-02,
       -1.00908145e-01, -2.63127778e-02, 7.44606927e-02, 7.21779689e-02,
       8.29722509e-02, 6.36172593e-02, -4.67294827e-03, -7.07399622e-02,
       -7.21229389e-02, 6.86819479e-02, 7.06941038e-02, -1.07591581e-02,
       -7.14496523e-02, -7.01633319e-02, -7.31398910e-02,
       -7.10851401e-02, -1.39424605e-02, 6.81495816e-02, 6.62849844e-02,
       7.99941942e-02, 8.32305178e-02, -1.82974134e-02, -9.46932063e-02,
       -9.68021154e-02, -9.35837403e-02, -9.48479325e-02,
       -7.33973132e-03, 8.03920254e-02, 8.23518187e-02, -4.84215692e-02,
       5.23574203e-02, 4.21445817e-02, -3.16004120e-02, -1.91345550e-02,
       -8.21840465e-02, 5.26952781e-02, -2.72958037e-02, -6.47235587e-02,
       3.97220403e-02, -8.66954550e-02, 5.74266501e-02, -1.31137585e-02,
       -7.24526793e-02, 4.61373068e-02, -6.42540827e-02, 4.50341590e-02,
       -1.05143515e-02, -8.04380924e-02, 5.26175201e-02, -6.47360012e-02,
       3.36647928e-02, -2.23452132e-02, -7.42681772e-02, 2.89080814e-02,
       4.59794402e-02, -4.68616970e-02, -5.24387055e-04, -3.98231149e-02,
       2.67814212e-02, 3.75071093e-02, -4.65903766e-02, -3.57169239e-03,
       2.25810744e-02, -3.74245942e-02, 2.91954558e-02, -5.73423803e-02,
       -1.13760435e-03, -4.86848801e-02, 4.29646932e-02, 5.40993288e-02,
       -6.43307120e-02, -2.09749322e-02, -4.56599891e-02, 4.40243781e-02,
       -6.16481081e-02, 3.29863206e-02, -2.61319187e-02, 4.73820642e-02,
       -5.11042699e-02, 4.40173864e-01, 4.54557300e-01, 4.28940207e-01,
       4.19244796e-01, 4.37900424e-01, 4.70720321e-01, 4.92261887e-01,
       4.77625161e-01, 4.52125758e-01, 4.63859379e-01, 5.06772757e-01,
       5.11933804e-01, 5.29667795e-01, 5.22509694e-01, 5.39221764e-01,
       4.76665139e-01, 4.93156075e-01, 4.84357595e-01, 4.57353026e-01,
       4.66346949e-01, 4.16973144e-01, 4.34183896e-01, 4.45304036e-01,
       4.43194479e-01, 4.60768640e-01, 4.05021548e-01, 3.91241670e-01,
       3.96256447e-01, 3.69847775e-01, 3.82851809e-01, 3.65396500e-01,
       3.52057368e-01, 3.53239983e-01, 3.40080619e-01, 3.28295469e-01,
       3.78288567e-01, 3.60922903e-01, 3.90607715e-01, 3.88243407e-01,
       4.03178424e-01, 4.59985912e-01, 4.44661111e-01, 4.44969684e-01,
       4.18446243e-01, 4.32801664e-01, 3.98913473e-01, 4.12345886e-01,
       4.23705429e-01, 4.39710468e-01, 4.24739361e-01, 1., 1., 1., 1.,
       1., 1., 1., 1., 1., 1., 1., 1., 1., 1., 1., 1., 1., 1., 1., 1.,
       1., 1., 1., 1., 1., 1., 1., 1., 1., 1., 1., 1., 1., 1., 1., 1.,
       1., 1., 1., 1., 1., 1., 1., 1., 1., 1., 1., 1., 1., 1. ]

